-0.00128174
-0.00650024
-0.0184021
-0.0287476
-0.00909424
0.0778503
0.249542
0.481079
0.712585
0.884277
0.971222
0.990875
0.98053
0.968628
0.963409
0.962158
0.962158
0.962158
0.962158
0.962158
0.962158
0.962158
0.962158
0.962158
0.962158
0.962158
0.962158
0.962158
0.962158
0.962158
0.962158
0.962158
0.962158
0.962158
0.962158
0.962158
0.962158
0.962158
0.962158
0.962158
0.962158
0.962158
0.962158
0.962158
0.962158
0.962158
0.962158
0.962158
0.962158
0.962158
0.962158
0.962158
0.962158
0.962158
0.962158
0.962158
0.962158
0.962158
0.962158
0.962158
0.962158
0.962158
0.962158
0.962158
0.962158
0.962158
0.962158
0.962158
0.962158
0.962158
0.962158
0.962158
0.962158
0.962158
0.962158
0.962158
0.962158
0.962158
0.962158
0.962158
0.962158
0.962158
0.962158
0.962158
0.962158
0.962158
0.962158
0.962158
0.962158
0.962158
0.962158
0.962158
0.962158
0.962158
0.962158
0.962158
0.962158
0.962158
0.962158
0.962158

